0.0000 1 1 0.004
0.0010 2.003 2.003 0
0.0020 2.006 2.007 0.002
0.0030 2.014 2.025 0
0.0040 2.024 2.089 0
0.0050 2.058 2.345 0
0.0060 2.104 2.93 0
0.0070 2.163 3.897 0
0.0080 2.231 5.209 0
0.0090 2.322 6.735 0
0.0100 2.415 8.308 0
0.0110 2.506 9.832 0
0.0120 2.604 11.225 0.002
0.0130 2.68 12.664 0
0.0140 2.764 13.625 0
0.0150 2.843 13.991 0
0.0160 2.901 14.109 0
0.0170 2.928 13.769 0
0.0180 2.956 13.756 0
0.0190 2.976 13.117 0
0.0200 2.986 12.411 0
0.0210 2.994 12.092 0.003
0.0220 2.997 11.6 0
0.0230 3.002 11.265 0
0.0240 3.004 11.758 0.001
0.0250 3.006 11.91 0
0.0260 3.008 12.518 0.001
0.0270 3.009 13.155 0.001
0.0280 3.01 14.281 0
0.0290 3.011 15.703 0
0.0300 3.012 16.81 0
0.0310 3.013 18.204 0
0.0320 3.019 19.582 0
0.0330 3.024 20.946 0
0.0340 3.029 22.411 0
0.0350 3.036 23.895 0
0.0360 3.041 25.502 0
0.0370 3.046 26.96 0
0.0380 3.054 28.335 0
0.0390 3.064 29.628 0
0.0400 3.074 31.037 0.001
0.0410 3.086 32.238 0
0.0420 3.108 33.338 0
0.0430 3.122 34.441 0
0.0440 3.142 35.604 0
0.0450 3.168 36.47 0
0.0460 3.18 37.82 0
0.0470 3.2 38.718 0.001
0.0480 3.23 39.458 0
0.0490 3.254 39.819 0
0.0500 3.286 40.627 0
0.0510 3.313 40.886 0.002
0.0520 3.345 41.515 0
0.0530 3.386 41.35 0
0.0540 3.422 41.764 0
0.0550 3.45 42.338 0
0.0560 3.479 42.792 0
0.0570 3.506 43.515 0
0.0580 3.545 43.237 0
0.0590 3.577 43.428 0
0.0600 3.611 43.55 0
0.0610 3.637 43.614 0.002
0.0620 3.68 43.266 0
0.0630 3.72 42.911 0
0.0640 3.75 42.884 0.011
0.0650 3.775 43.435 0.003
0.0660 3.795 43.731 0.001
0.0670 3.821 43.922 0
0.0680 3.844 43.897 0.003
0.0690 3.864 43.917 0
0.0700 3.884 43.971 0
0.0710 3.907 44.022 0
0.0720 3.918 44.14 0
0.0730 3.932 44.634 0
0.0740 3.951 45.242 0.002
0.0750 3.955 45.825 0
0.0760 3.968 46.028 0
0.0770 3.976 46.418 0
0.0780 3.982 46.95 0.001
0.0790 3.987 47.509 0
0.0800 3.989 48.052 0
0.0810 3.995 48.734 0
0.0820 3.998 49.364 0
0.0830 3.999 49.911 0
0.0840 4.002 50.695 0
0.0850 4.006 51.341 0
0.0860 4.007 51.869 0
0.0870 4.011 52.476 0
0.0880 4.013 53.391 0
0.0890 4.016 53.923 0
0.0900 4.018 54.523 0.001
0.0910 4.022 55.081 0
0.0920 4.025 55.791 0
0.0930 4.029 56.292 0
0.0940 4.031 56.831 0
0.0950 4.033 57.679 0
0.0960 4.038 58.068 0.001
0.0970 4.039 58.947 0.006
0.0980 4.044 59.3 0
0.0990 4.048 60.082 0
0.1000 4.051 60.55 0
0.1010 4.054 61.226 0
0.1020 4.058 61.897 0
0.1030 4.067 62.502 0
0.1040 4.077 62.846 0
0.1050 4.082 63.36 0
0.1060 4.092 64.084 0
0.1070 4.1 64.421 0.001
0.1080 4.111 64.944 0
0.1090 4.12 65.527 0
0.1100 4.128 65.959 0
0.1110 4.138 66.747 0
0.1120 4.155 66.971 0
0.1130 4.162 67.485 0
0.1140 4.176 68.174 0
0.1150 4.187 68.737 0
0.1160 4.2 69.434 0
0.1170 4.225 69.673 0
0.1180 4.242 70.03 0
0.1190 4.258 70.725 0
0.1200 4.284 70.885 0
0.1210 4.3 71.411 0
0.1220 4.32 71.792 0
0.1230 4.339 72.605 0.003
0.1240 4.362 72.618 0.001
0.1250 4.382 72.942 0
0.1260 4.406 73.969 0
0.1270 4.428 74.121 0
0.1280 4.451 74.521 0.001
0.1290 4.481 74.547 0
0.1300 4.506 75.125 0
0.1310 4.536 75.666 0
0.1320 4.568 75.99 0
0.1330 4.598 76.226 0
0.1340 4.623 76.412 0
0.1350 4.645 76.759 0
0.1360 4.672 76.708 0
0.1370 4.69 77.491 0
0.1380 4.716 77.87 0
0.1390 4.735 78.657 0
0.1400 4.755 79.042 0
0.1410 4.78 78.877 0
0.1420 4.806 79.218 0
0.1430 4.823 79.759 0
0.1440 4.846 79.74 0.002
0.1450 4.864 79.908 0
0.1460 4.878 80.104 0
0.1470 4.895 80.669 0
0.1480 4.91 80.238 0
0.1490 4.927 80.587 0.001
0.1500 4.939 80.944 0
0.1510 4.951 81.146 0
0.1520 4.959 81.701 0
0.1530 4.965 82.632 0
0.1540 4.975 82.665 0
0.1550 4.98 82.897 0
0.1560 4.991 82.825 0
0.1570 4.993 83.802 0
0.1580 4.999 83.629 0
0.1590 5.006 84.609 0
0.1600 5.012 84.279 0
0.1610 5.014 84.89 0
0.1620 5.016 85.183 0
0.1630 5.019 86.059 0
0.1640 5.02 86.7 0.001
0.1650 5.023 87.195 0
0.1660 5.025 87.514 0
0.1670 5.027 88.213 0
0.1680 5.034 88.372 0
0.1690 5.036 89.621 0
0.1700 5.038 90.215 0
0.1710 5.043 90.928 0
0.1720 5.047 91.603 0
0.1730 5.049 92.206 0
0.1740 5.051 93.66 0
0.1750 5.061 93.906 0
0.1760 5.062 95.203 0
0.1770 5.069 96.284 0
0.1780 5.071 96.763 0
0.1790 5.075 98.341 0
0.1800 5.084 99.357 0
0.1810 5.091 99.964 0
0.1820 5.098 101.075 0
0.1830 5.106 101.875 0
0.1840 5.115 103.123 0
0.1850 5.123 103.993 0
0.1860 5.129 105.039 0.001
0.1870 5.143 106.495 0
0.1880 5.158 107.671 0
0.1890 5.169 109.066 0
0.1900 5.183 110.744 0
0.1910 5.194 111.787 0.001
0.1920 5.209 113.218 0
0.1930 5.232 114.266 0
0.1940 5.245 115.63 0
0.1950 5.258 117.074 0
0.1960 5.278 118.773 0
0.1970 5.294 119.486 0
0.1980 5.309 121.338 0
0.1990 5.327 122.378 0
0.2000 5.345 124.104 0
0.2010 5.365 125.003 0
0.2020 5.393 126.184 0
0.2030 5.419 127.123 0
0.2040 5.437 129.34 0
0.2050 5.453 130.395 0
0.2060 5.48 131.354 0
0.2070 5.499 133.108 0
0.2080 5.522 133.604 0
0.2090 5.553 133.921 0.001
0.2100 5.572 135.704 0
0.2110 5.594 136.671 0
0.2120 5.621 137.983 0
0.2130 5.646 138.382 0.003
0.2140 5.662 139.17 0
0.2150 5.689 140.595 0.001
0.2160 5.706 141.455 0
0.2170 5.724 141.807 0
0.2180 5.749 142.866 0
0.2190 5.774 143.327 0
0.2200 5.792 142.874 0
0.2210 5.809 144.071 0
0.2220 5.83 145.319 0
0.2230 5.85 145.582 0
0.2240 5.863 146.29 0
0.2250 5.884 147.576 0
0.2260 5.891 148.704 0
0.2270 5.901 148.859 0
0.2280 5.914 148.52 0
0.2290 5.931 150.288 0
0.2300 5.941 150 0
0.2310 5.95 150.982 0.003
0.2320 5.961 151.138 0
0.2330 5.969 152.754 0
0.2340 5.974 155.001 0
0.2350 5.983 155.498 0
0.2360 5.993 155.91 0
0.2370 6 158.335 0
0.2380 6.009 157.982 0
0.2390 6.013 158.348 0
0.2400 6.019 160.65 0
0.2410 6.026 162.088 0.001
0.2420 6.033 163.661 0
0.2430 6.038 163.721 0
0.2440 6.041 165.772 0
0.2450 6.045 168.212 0
0.2460 6.049 169.429 0
0.2470 6.051 171.33 0
0.2480 6.056 174.423 0
0.2490 6.059 176.331 0.001
0.2500 6.063 178.001 0.002
0.2510 6.067 180.915 0
0.2520 6.07 183.512 0
0.2530 6.074 185.951 0
0.2540 6.079 188.767 0
0.2550 6.084 191.097 0
0.2560 6.089 194.569 0
0.2570 6.097 196.906 0
0.2580 6.102 198.6 0
0.2590 6.112 201.646 0
0.2600 6.117 203.917 0
0.2610 6.126 206.848 0
0.2620 6.138 210.584 0
0.2630 6.148 213.177 0.006
0.2640 6.161 217.476 0.011
0.2650 6.176 219.835 0.001
0.2660 6.184 223.873 0.008
0.2670 6.199 225.15 0
0.2680 6.218 228.158 0.002
0.2690 6.228 231.688 0.011
0.2700 6.242 234.916 0
0.2710 6.262 238.317 0.001
0.2720 6.272 241.8 0.001
0.2730 6.287 244.11 0
0.2740 6.299 247.597 0
0.2750 6.317 251.526 0.001
0.2760 6.332 254.81 0.008
0.2770 6.353 257.142 0
0.2780 6.379 260.27 0.001
0.2790 6.403 260.424 0
0.2800 6.426 264.864 0.005
0.2810 6.447 267.715 0.002
0.2820 6.466 269.737 0.001
0.2830 6.499 271.561 0.002
0.2840 6.526 273.764 0.002
0.2850 6.538 276.268 0.007
0.2860 6.563 278.545 0.005
0.2870 6.582 280.246 0.009
0.2880 6.609 281.5 0.005
0.2890 6.624 284.641 0.027
0.2900 6.646 286.421 0.017
0.2910 6.667 291.569 0.022
0.2920 6.693 290.988 0.017
0.2930 6.718 293.553 0.021
0.2940 6.742 294.625 0.032
0.2950 6.762 295.216 0.036
0.2960 6.79 296.534 0.034
0.2970 6.815 295.999 0.033
0.2980 6.834 297.324 0.034
0.2990 6.849 300.467 0.043
0.3000 6.873 300.318 0.044
0.3010 6.888 303.228 0.04
0.3020 6.902 305.159 0.043
0.3030 6.924 303.982 0.042
0.3040 6.933 305.889 0.045
0.3050 6.943 307.7 0.042
0.3060 6.952 311.111 0.041
0.3070 6.967 314.298 0.049
0.3080 6.979 316.022 0.053
0.3090 6.989 315.308 0.052
0.3100 6.998 318.998 0.057
0.3110 7.002 322.382 0.06
0.3120 7.008 325.074 0.065
0.3130 7.012 326.917 0.06
0.3140 7.02 330.1 0.078
0.3150 7.031 333.929 0.084
0.3160 7.035 335.646 0.086
0.3170 7.039 338.348 0.109
0.3180 7.044 345.988 0.129
0.3190 7.052 349.922 0.127
0.3200 7.059 353.223 0.141
0.3210 7.064 358.275 0.15
0.3220 7.072 359.207 0.158
0.3230 7.08 363.342 0.158
0.3240 7.083 368.65 0.171
0.3250 7.095 373.466 0.193
0.3260 7.104 377.79 0.183
0.3270 7.112 381.217 0.211
0.3280 7.119 387.565 0.198
0.3290 7.124 390.78 0.221
0.3300 7.136 396.18 0.2
0.3310 7.148 401.62 0.182
0.3320 7.158 407.087 0.199
0.3330 7.162 412.732 0.193
0.3340 7.179 417.794 0.192
0.3350 7.193 423.773 0.217
0.3360 7.209 428.315 0.213
0.3370 7.221 431.412 0.201
0.3380 7.239 437.506 0.186
0.3390 7.255 442.103 0.207
0.3400 7.263 447.134 0.193
0.3410 7.279 452.58 0.213
0.3420 7.287 460.066 0.222
0.3430 7.312 461.607 0.197
0.3440 7.337 467.35 0.23
0.3450 7.363 471.151 0.193
0.3460 7.378 479.149 0.254
0.3470 7.404 481.799 0.223
0.3480 7.424 484.789 0.232
0.3490 7.445 488.808 0.272
0.3500 7.468 493.431 0.235
0.3510 7.489 498.314 0.247
0.3520 7.51 503.336 0.286
0.3530 7.539 508.414 0.282
0.3540 7.566 508.493 0.277
0.3550 7.591 511.187 0.306
0.3560 7.622 515.552 0.311
0.3570 7.648 517.376 0.322
0.3580 7.663 520.743 0.314
0.3590 7.689 525.471 0.312
0.3600 7.714 526.214 0.381
0.3610 7.743 528.392 0.345
0.3620 7.763 532.033 0.391
0.3630 7.797 533.186 0.385
0.3640 7.823 533.239 0.37
0.3650 7.85 534.67 0.402
0.3660 7.872 542.378 0.375
0.3670 7.887 542.768 0.398
0.3680 7.901 548.089 0.416
0.3690 7.921 550.3 0.401
0.3700 7.931 551.24 0.443
0.3710 7.942 556.708 0.439
0.3720 7.953 560.038 0.436
0.3730 7.961 563.555 0.464
0.3740 7.969 573.068 0.475
0.3750 7.984 573.917 0.515
0.3760 7.995 577.622 0.518
0.3770 8.001 578.136 0.529
0.3780 8.013 585.928 0.603
0.3790 8.02 590.829 0.584
0.3800 8.024 602.505 0.647
0.3810 8.032 603.829 0.674
0.3820 8.044 603.726 0.678
0.3830 8.047 614.364 0.738
0.3840 8.061 617.981 0.778
0.3850 8.065 629.1 0.811
0.3860 8.07 636.094 0.839
0.3870 8.078 640.713 0.879
0.3880 8.087 649.584 0.942
0.3890 8.096 657.86 0.955
0.3900 8.101 665.801 0.986
0.3910 8.122 671.652 1.016
0.3920 8.134 676.758 1.01
0.3930 8.143 680.257 1.046
0.3940 8.152 693.545 1.055
0.3950 8.163 702.344 1.06
0.3960 8.176 708.819 1.078
0.3970 8.189 719.783 1.072
0.3980 8.206 725.92 1.111
0.3990 8.223 735.866 1.088
0.4000 8.243 742.685 1.095
0.4010 8.258 751.643 1.103
0.4020 8.271 760.764 1.118
0.4030 8.294 767.559 1.15
0.4040 8.315 777.015 1.122
0.4050 8.34 782.071 1.114
0.4060 8.362 790.014 1.142
0.4070 8.392 793.169 1.161
0.4080 8.416 801.164 1.203
0.4090 8.439 807.763 1.197
0.4100 8.46 819.091 1.172
0.4110 8.487 826.597 1.215
0.4120 8.52 825.196 1.187
0.4130 8.547 833.507 1.207
0.4140 8.577 837.005 1.228
0.4150 8.606 847.619 1.225
0.4160 8.637 851.541 1.231
0.4170 8.656 858.985 1.228
0.4180 8.684 866.836 1.343
0.4190 8.716 866.104 1.272
0.4200 8.743 872.071 1.267
0.4210 8.767 876.38 1.261
0.4220 8.787 884.055 1.27
0.4230 8.806 891.458 1.303
0.4240 8.832 897.956 1.28
0.4250 8.843 904.28 1.332
0.4260 8.865 909.354 1.315
0.4270 8.888 909.65 1.343
0.4280 8.905 922.837 1.341
0.4290 8.922 924.506 1.325
0.4300 8.944 933.591 1.344
0.4310 8.96 937.615 1.337
0.4320 8.977 946.474 1.372
0.4330 8.987 945.454 1.38
0.4340 9.003 957.38 1.369
0.4350 9.021 958.127 1.395
0.4360 9.031 974.932 1.422
0.4370 9.039 986.608 1.453
0.4380 9.053 997.486 1.508
0.4390 9.059 1000.28 1.474
0.4400 9.072 1009.86 1.499
0.4410 9.079 1021.23 1.501
0.4420 9.089 1026.97 1.557
0.4430 9.099 1039.95 1.546
0.4440 9.109 1053.94 1.573
0.4450 9.122 1067.86 1.589
0.4460 9.131 1078.49 1.617
0.4470 9.147 1091.59 1.664
0.4480 9.161 1105.02 1.759
0.4490 9.176 1119.71 1.73
0.4500 9.19 1124.15 1.819
0.4510 9.207 1145.98 1.836
0.4520 9.227 1152.48 1.843
0.4530 9.24 1173.08 1.895
0.4540 9.259 1188.6 1.972
0.4550 9.277 1198.45 1.968
0.4560 9.293 1217.29 2.002
0.4570 9.317 1228.53 2.022
0.4580 9.329 1247.39 2.099
0.4590 9.347 1264.11 2.213
0.4600 9.371 1280.9 2.126
0.4610 9.385 1294.62 2.151
0.4620 9.409 1311.34 2.148
0.4630 9.435 1328.58 2.492
0.4640 9.463 1331.9 2.181
0.4650 9.489 1352.93 2.223
0.4660 9.513 1366.92 2.244
0.4670 9.544 1377.4 2.534
0.4680 9.575 1386.66 2.341
0.4690 9.6 1399.83 2.307
0.4700 9.627 1414.78 2.398
0.4710 9.659 1425.63 2.372
0.4720 9.685 1428.85 2.465
0.4730 9.704 1450 2.498
0.4740 9.725 1460.64 2.524
0.4750 9.757 1470.89 2.515
0.4760 9.787 1477.59 2.578
0.4770 9.812 1485.8 2.611
0.4780 9.83 1502.61 2.631
0.4790 9.85 1527.11 2.635
0.4800 9.871 1526.15 2.634
0.4810 9.89 1541.36 2.703
0.4820 9.918 1558.82 2.691
0.4830 9.939 1566.27 2.748
0.4840 9.954 1568.63 2.741
0.4850 9.97 1584.95 2.783
0.4860 9.984 1596.8 2.839
0.4870 10.001 1604.67 2.831
0.4880 10.018 1613.78 3.004
0.4890 10.03 1634.04 2.976
0.4900 10.043 1646.2 2.953
0.4910 10.057 1675.63 3.002
0.4920 10.074 1675.11 3.004
0.4930 10.09 1697.72 3.096
0.4940 10.108 1725.61 3.138
0.4950 10.127 1741.41 3.216
0.4960 10.145 1753.26 3.224
0.4970 10.166 1786.31 3.359
0.4980 10.186 1806.77 3.298
0.4990 10.203 1827.83 3.43
0.5000 10.219 1863.17 3.428
0.5010 10.236 1874.72 3.517
0.5020 10.25 1916.87 3.56
0.5030 10.274 1931.76 3.55
0.5040 10.299 1955.56 3.682
0.5050 10.325 1987.08 3.728
0.5060 10.345 2018.22 3.772
0.5070 10.373 2041.1 3.843
0.5080 10.397 2075.96 3.87
0.5090 10.413 2099.16 3.966
0.5100 10.433 2126.64 4.067
0.5110 10.47 2152.98 4.058
0.5120 10.501 2173.6 4.075
0.5130 10.536 2180.35 4.101
0.5140 10.562 2214.83 4.174
0.5150 10.599 2221.88 4.208
0.5160 10.623 2269.32 4.285
0.5170 10.65 2274.11 4.392
0.5180 10.68 2295.89 4.376
0.5190 10.706 2327.28 4.439
0.5200 10.733 2347.51 4.558
0.5210 10.764 2372.21 4.578
0.5220 10.797 2371.97 4.567
0.5230 10.832 2407.24 4.657
0.5240 10.863 2402.26 4.781
0.5250 10.888 2431.3 4.75
0.5260 10.911 2459.91 4.762
0.5270 10.936 2495.76 4.931
0.5280 10.96 2495.54 5.004
0.5290 10.991 2495.77 4.844
0.5300 11.009 2523.5 4.979
0.5310 11.021 2570.16 5.044
0.5320 11.039 2575.55 5.124
0.5330 11.055 2614.09 5.252
0.5340 11.065 2648.82 5.28
0.5350 11.083 2689.36 5.462
0.5360 11.104 2714.62 5.434
0.5370 11.121 2735.52 5.533
0.5380 11.129 2768.5 5.52
0.5390 11.147 2823.96 5.615
0.5400 11.164 2847.56 5.78
0.5410 11.177 2866.61 5.854
0.5420 11.197 2914.49 5.861
0.5430 11.213 2960.12 5.99
0.5440 11.235 3004.88 5.969
0.5450 11.257 3025.37 6.17
0.5460 11.283 3086.92 6.2
0.5470 11.307 3154.43 6.42
0.5480 11.328 3178.14 6.491
0.5490 11.354 3240.18 6.624
0.5500 11.382 3271.59 6.732
0.5510 11.413 3325.69 6.925
0.5520 11.456 3333.35 6.817
0.5530 11.488 3393.97 6.976
0.5540 11.522 3423.74 7.079
0.5550 11.556 3466.79 7.189
0.5560 11.595 3501.26 7.22
0.5570 11.629 3521.79 7.19
0.5580 11.668 3550.53 7.447
0.5590 11.7 3577.54 7.443
0.5600 11.729 3632.92 7.641
0.5610 11.76 3662.1 7.664
0.5620 11.794 3693.08 7.69
0.5630 11.822 3750.2 7.805
0.5640 11.851 3767.74 7.79
0.5650 11.88 3809.27 7.936
0.5660 11.905 3865.62 8.158
0.5670 11.934 3881.82 8.141
0.5680 11.947 3946.13 8.271
0.5690 11.971 3951.93 8.506
0.5700 11.99 4018.86 8.454
0.5710 12.011 4088.33 8.47
0.5720 12.035 4120.01 8.82
0.5730 12.055 4154.37 8.845
0.5740 12.083 4222.36 8.946
0.5750 12.1 4269.32 9.015
0.5760 12.111 4317.88 9.352
0.5770 12.131 4371.56 9.468
0.5780 12.155 4440.63 9.561
0.5790 12.18 4483.07 9.719
0.5800 12.2 4543.98 10.003
0.5810 12.222 4645.08 9.844
0.5820 12.245 4702.09 10.146
0.5830 12.276 4741.45 10.276
0.5840 12.306 4833.98 10.442
0.5850 12.339 4898.61 10.675
0.5860 12.366 4963.19 10.893
0.5870 12.397 5041.86 11.116
0.5880 12.434 5125.38 11.163
0.5890 12.469 5132.65 11.226
0.5900 12.506 5225.39 11.411
0.5910 12.538 5313.84 11.763
0.5920 12.576 5354.54 11.943
0.5930 12.619 5426.99 11.992
0.5940 12.654 5486.4 12.093
0.5950 12.684 5606.71 12.412
0.5960 12.729 5588.91 12.461
0.5970 12.764 5640.91 12.439
0.5980 12.796 5703.57 12.612
0.5990 12.836 5723.77 12.719
0.6000 12.872 5775.88 12.9
0.6010 12.9 5868.22 13.353
0.6020 12.927 5956.58 13.46
0.6030 12.965 5998.52 13.445
0.6040 13.003 6014.13 13.349
0.6050 13.021 6095.69 13.882
0.6060 13.054 6156.57 13.784
0.6070 13.076 6240.02 14.098
0.6080 13.104 6276.51 14.605
0.6090 13.129 6413.04 14.52
0.6100 13.152 6479.35 14.727
0.6110 13.19 6543.07 15.216
0.6120 13.213 6623.52 15.148
0.6130 13.242 6756.62 15.396
0.6140 13.272 6835.96 15.807
0.6150 13.3 6937.54 15.943
0.6160 13.325 7041.59 16.372
0.6170 13.359 7131 16.277
0.6180 13.391 7265.1 16.831
0.6190 13.428 7352.85 17.087
0.6200 13.467 7444 17.441
0.6210 13.495 7567.08 17.9
0.6220 13.532 7688.72 17.97
0.6230 13.566 7757.13 17.779
0.6240 13.604 7826.92 18.511
0.6250 13.642 7983.93 18.563
0.6260 13.678 8070.25 18.85
0.6270 13.72 8179.26 19.133
0.6280 13.758 8177.17 19.111
0.6290 13.793 8339.13 19.442
0.6300 13.825 8441.78 19.937
0.6310 13.863 8473.17 19.919
0.6320 13.899 8559.54 20.389
0.6330 13.934 8695.3 20.726
0.6340 13.959 8822.51 21.029
0.6350 13.998 8935.92 21.403
0.6360 14.039 9040.54 21.501
0.6370 14.068 9104.41 21.764
0.6380 14.094 9218.04 22.163
0.6390 14.126 9353.73 22.601
0.6400 14.159 9539.82 22.812
0.6410 14.192 9668.15 23.538
0.6420 14.229 9725.88 23.582
0.6430 14.267 9924.55 24.241
0.6440 14.307 10003.5 24.517
0.6450 14.347 10120.4 24.718
0.6460 14.382 10309.6 25.151
0.6470 14.421 10372.8 25.576
0.6480 14.451 10571.3 26.397
0.6490 14.497 10623.3 26.341
0.6500 14.544 10718.9 26.731
0.6510 14.582 10975.4 27.176
0.6520 14.617 11047.5 27.507
0.6530 14.647 11330.4 27.996
0.6540 14.686 11411.4 28.283
0.6550 14.724 11649.4 29.001
0.6560 14.771 11714.8 29.81
0.6570 14.803 11933.3 29.831
0.6580 14.848 12139.3 30.582
0.6590 14.885 12188.2 30.635
0.6600 14.931 12412.6 30.993
0.6610 14.975 12519.9 31.545
0.6620 15.01 12738.3 31.867
0.6630 15.048 12846.5 32.576
0.6640 15.086 12936.4 32.812
0.6650 15.114 13267.5 33.55
0.6660 15.154 13423.5 34.339
0.6670 15.19 13604.4 34.679
0.6680 15.219 13841.6 35.52
0.6690 15.259 14103.9 36.197
0.6700 15.294 14275 36.823
0.6710 15.335 14383 36.78
0.6720 15.376 14665.6 38.11
0.6730 15.414 14909.4 38.016
0.6740 15.456 15150.3 38.906
0.6750 15.504 15338 39.483
0.6760 15.563 15477.8 40.113
0.6770 15.616 15599.6 40.552
0.6780 15.669 15862.1 41.735
0.6790 15.712 16146.9 41.427
0.6800 15.747 16391.6 42.834
0.6810 15.795 16474.8 43.027
0.6820 15.832 16861.1 43.944
0.6830 15.876 17063 44.958
0.6840 15.916 17256.8 45.115
0.6850 15.963 17645.9 45.935
0.6860 16.006 17875.2 47.007
0.6870 16.053 18032.1 48.028
0.6880 16.097 18232.2 48.181
0.6890 16.138 18510.7 49.11
0.6900 16.179 18802 49.904
0.6910 16.224 19044.2 50.882
0.6920 16.265 19446.5 51.267
0.6930 16.305 19703.7 51.456
0.6940 16.354 20126.4 53.35
0.6950 16.392 20535.9 53.679
0.6960 16.441 20723.5 54.454
0.6970 16.495 21108.1 55.648
0.6980 16.533 21391.5 55.877
0.6990 16.585 21788.8 56.46
0.7000 16.628 22112.4 58.042
0.7010 16.676 22391.6 58.413
0.7020 16.734 22630.3 60.226
0.7030 16.789 22897.8 60.389
0.7040 16.834 23355.4 61.244
0.7050 16.887 23574.3 61.612
0.7060 16.946 23675.6 62.752
0.7070 16.996 24099.2 63.444
0.7080 17.043 24442.8 64.739
0.7090 17.082 24818.4 65.787
0.7100 17.134 25190.6 66.893
0.7110 17.186 25640.7 68.204
0.7120 17.229 25941.3 69.721
0.7130 17.272 26522.1 71.776
0.7140 17.327 26861.7 72.39
0.7150 17.365 27514.4 73.512
0.7160 17.412 27792.5 74.633
0.7170 17.466 28227.5 75.264
0.7180 17.519 28820.4 76.635
0.7190 17.57 29400.1 78.908
0.7200 17.629 29611.2 79.193
0.7210 17.686 30070.5 80.396
0.7220 17.758 30567.3 82.786
0.7230 17.805 30987.4 83.512
0.7240 17.869 30954.2 84.248
0.7250 17.919 31480.2 86.309
0.7260 17.966 32208.5 87.98
0.7270 18.017 32813.3 90.438
0.7280 18.06 33286.7 92.139
0.7290 18.103 33831.7 94.949
0.7300 18.156 34556.4 95.678
0.7310 18.215 35266.7 97.731
0.7320 18.262 35507.1 98.9
0.7330 18.324 36143.6 102.143
0.7340 18.377 36476 102.305
0.7350 18.427 37471 104.584
0.7360 18.49 38052.4 107.342
0.7370 18.561 38668.4 109.581
0.7380 18.62 39151.5 110.295
0.7390 18.678 39750.6 112.11
0.7400 18.736 40343.3 114.919
0.7410 18.799 41069.2 116.941
0.7420 18.854 42003.6 119.202
0.7430 18.917 42221.7 119.866
0.7440 18.966 42972.3 123.194
0.7450 19.033 43475.3 125.37
0.7460 19.108 44223.1 127.342
0.7470 19.151 45194.5 130.085
0.7480 19.211 45427.7 131.413
0.7490 19.262 46459 135.158
0.7500 19.327 47225.7 136.879
0.7510 19.391 48246.8 139.804
0.7520 19.448 48928.5 141.879
0.7530 19.498 50032.6 145.144
0.7540 19.574 50589 146.919
0.7550 19.64 51614.1 150.236
0.7560 19.71 52619.7 153.545
0.7570 19.778 52978.2 155.158
0.7580 19.841 53641.9 156.972
0.7590 19.895 54438.3 160.51
0.7600 19.969 55313.5 163.895
0.7610 20.029 56515.9 167.451
0.7620 20.1 57586.8 170.689
0.7630 20.166 58786.1 174.626
0.7640 20.233 59264.3 176.597
0.7650 20.296 60421.2 180.215
0.7660 20.36 61873.1 185.231
0.7670 20.423 63157.3 188.609
0.7680 20.499 63620.2 191.628
0.7690 20.572 64972.3 195.92
0.7700 20.652 65797.4 199.179
0.7710 20.719 66645.3 204.015
0.7720 20.797 67439.2 205.84
0.7730 20.867 69290 212.379
0.7740 20.94 69869.2 214.145
0.7750 21.005 71015.3 218.736
0.7760 21.074 72560.6 224.112
0.7770 21.145 74364 230.551
0.7780 21.215 75609.7 235.656
0.7790 21.282 77090 239.713
0.7800 21.37 78470.9 245.012
0.7810 21.442 79897.4 250.099
0.7820 21.508 82037.9 257.226
0.7830 21.593 82309.7 261.467
0.7840 21.679 83767.1 266.162
0.7850 21.757 85069.7 271.092
0.7860 21.827 87160.9 279.99
0.7870 21.919 88626.1 283.711
0.7880 22.002 89664.2 288.713
0.7890 22.08 90810 293.039
0.7900 22.157 91874.4 297.9
0.7910 22.236 94127.5 306.485
0.7920 22.301 96438 314.307
0.7930 22.385 98662.9 322.365
0.7940 22.471 99960.7 327.365
0.7950 22.548 101478 333.62
0.7960 22.628 103135 340.262
0.7970 22.712 104828 346.455
0.7980 22.784 106669 354.565
0.7990 22.859 110101 366.274
0.8000 22.955 111852 377.053
0.8010 23.041 114402 385.069
0.8020 23.143 115740 387.663
0.8030 23.219 118604 399.688
0.8040 23.304 119894 403.636
0.8050 23.384 123119 415.49
0.8060 23.49 124617 423.037
0.8070 23.577 126419 429.855
0.8080 23.666 128694 438.504
0.8090 23.761 131298 448.991
0.8100 23.843 133301 458.95
0.8110 23.949 135597 467.227
0.8120 24.047 138472 480.106
0.8130 24.143 140872 488.587
0.8140 24.234 144049 501.659
0.8150 24.32 146180 509.827
0.8160 24.418 148764 520.765
0.8170 24.516 153043 536.092
0.8180 24.623 153837 541.219
0.8190 24.718 156494 553.294
0.8200 24.824 158450 565.036
0.8210 24.929 162232 577.924
0.8220 25.04 164972 591.074
0.8230 25.143 167072 599.31
0.8240 25.242 168220 605.645
0.8250 25.337 173395 624.981
0.8260 25.43 176338 638.231
0.8270 25.538 179427 652.078
0.8280 25.629 184337 670.172
0.8290 25.738 187071 683.1
0.8300 25.834 190041 696.796
0.8310 25.966 191991 705.148
0.8320 26.079 194526 718.648
0.8330 26.186 198380 734.699
0.8340 26.295 200462 746.848
0.8350 26.416 204264 760.458
0.8360 26.532 206655 770.691
0.8370 26.644 210225 788.521
0.8380 26.757 215054 807.567
0.8390 26.867 219198 826.957
0.8400 26.992 221767 839.453
0.8410 27.113 225768 859.287
0.8420 27.237 228031 872.612
0.8430 27.364 230867 887.091
0.8440 27.485 234872 904.714
0.8450 27.613 238200 919.456
0.8460 27.741 239889 930.905
0.8470 27.841 247614 961.857
0.8480 27.976 251395 983.021
0.8490 28.099 254070 994.781
0.8500 28.225 255699 1007.44
0.8510 28.356 262448 1036.26
0.8520 28.501 265436 1051.22
0.8530 28.625 268362 1069.06
0.8540 28.771 274179 1096.49
0.8550 28.896 276902 1111.91
0.8560 29.035 281983 1134.98
0.8570 29.164 287617 1160.51
0.8580 29.297 287136 1165.71
0.8590 29.442 290586 1186.67
0.8600 29.581 296029 1210.33
0.8610 29.744 301660 1240.28
0.8620 29.905 301450 1244.52
0.8630 30.049 306985 1270.59
0.8640 30.181 309461 1287.23
0.8650 30.33 315215 1315.49
0.8660 30.496 314374 1318.25
0.8670 30.646 317451 1336.85
0.8680 30.817 319098 1349.41
0.8690 30.975 324403 1374.89
0.8700 31.109 329273 1402.07
0.8710 31.272 336933 1437.86
0.8720 31.435 337071 1449.42
0.8730 31.591 342726 1478.88
0.8740 31.763 347984 1508.12
0.8750 31.941 351603 1527.19
0.8760 32.097 354262 1547.35
0.8770 32.266 358961 1577.28
0.8780 32.44 357793 1578.89
0.8790 32.626 359900 1597.56
0.8800 32.805 366011 1633.15
0.8810 33.001 363933 1634.87
0.8820 33.192 365065 1650.99
0.8830 33.354 367484 1668.35
0.8840 33.552 370747 1693.22
0.8850 33.717 367673 1690.22
0.8860 33.911 372680 1716.53
0.8870 34.087 382614 1761.93
0.8880 34.276 387217 1792.02
0.8890 34.462 390193 1807.86
0.8900 34.666 386968 1798.74
0.8910 34.859 390572 1815.61
0.8920 35.049 397119 1847.15
0.8930 35.245 400188 1862.99
0.8940 35.475 397747 1865.28
0.8950 35.67 405506 1906.85
0.8960 35.885 407963 1931.51
0.8970 36.115 405539 1932.68
0.8980 36.325 408975 1958.39
0.8990 36.558 409329 1977
0.9000 36.808 403128 1968.42
0.9010 37.023 406432 1995.05
0.9020 37.277 398873 1976.37
0.9030 37.513 402000 2003.44
0.9040 37.731 401080 2013.22
0.9050 37.978 405495 2051.65
0.9060 38.211 398623 2037.18
0.9070 38.44 398633 2049.77
0.9080 38.724 391405 2028.89
0.9090 38.993 392661 2054.81
0.9100 39.222 392932 2067.66
0.9110 39.486 396136 2096.36
0.9120 39.738 385693 2065.82
0.9130 39.998 387907 2090.6
0.9140 40.282 382916 2079.61
0.9150 40.545 384634 2106.54
0.9160 40.864 383259 2109.86
0.9170 41.154 378072 2100.28
0.9180 41.426 365303 2052.81
0.9190 41.72 356823 2021.18
0.9200 42.019 356072 2036.56
0.9210 42.312 349930 2012.25
0.9220 42.64 344689 2000.59
0.9230 42.959 338620 1981.28
0.9240 43.249 339531 2003.07
0.9250 43.591 320731 1906.72
0.9260 43.94 313444 1879.78
0.9270 44.247 304495 1841.35
0.9280 44.58 295130 1799.22
0.9290 44.93 290419 1784.57
0.9300 45.305 282392 1749.53
0.9310 45.654 278092 1732.89
0.9320 46.024 265577 1670.03
0.9330 46.411 255408 1618.29
0.9340 46.806 244552 1563.69
0.9350 47.185 240777 1551.01
0.9360 47.58 227466 1479.08
0.9370 48.009 220535 1439.33
0.9380 48.418 204584 1349.75
0.9390 48.838 196724 1310.27
0.9400 49.294 184461 1239.44
0.9410 49.74 172870 1175.67
0.9420 50.17 166664 1148.38
0.9430 50.601 157329 1101.33
0.9440 51.079 146180 1043.81
0.9450 51.582 136259 994.904
0.9460 52.055 126203 947.263
0.9470 52.549 118644 907.674
0.9480 53.073 110646 861.558
0.9490 53.59 102319 810.744
0.9500 54.141 92056.7 740.346
0.9510 54.702 86083.9 695.334
0.9520 55.242 77737.9 634.856
0.9530 55.811 71196.8 587.266
0.9540 56.391 63962.3 531.479
0.9550 56.965 57824.5 485.671
0.9560 57.565 52508 445.43
0.9570 58.178 46681 398.808
0.9580 58.84 39973.4 344.648
0.9590 59.517 36111.1 313.145
0.9600 60.22 31035.1 272.721
0.9610 60.912 26810.3 238.379
0.9620 61.625 23861.7 213.053
0.9630 62.389 19757.6 179.364
0.9640 63.148 16509.8 152.504
0.9650 63.892 14887.6 137.502
0.9660 64.724 12455.4 117.064
0.9670 65.611 10149.4 95.806
0.9680 66.458 8304.87 78.993
0.9690 67.31 6753.26 65.399
0.9700 68.236 5181.31 50.72
0.9710 69.189 4414.37 42.995
0.9720 70.181 3496.95 34.42
0.9730 71.245 2608.96 25.897
0.9740 72.326 1949.27 19.284
0.9750 73.402 1398.32 14.012
0.9760 74.58 1145.94 11.433
0.9770 75.74 855.396 8.323
0.9780 76.972 717.576 6.928
0.9790 78.314 502.487 4.799
0.9800 79.728 387.806 3.716
0.9810 81.122 311.828 2.934
0.9820 82.724 261.937 2.415
0.9830 84.35 218.149 1.995
0.9840 85.997 175.544 1.592
0.9850 87.83 146.35 1.325
0.9860 89.729 133.099 1.251
0.9870 91.783 121.386 1.152
0.9880 94.014 114.41 1.101
0.9890 96.325 109.024 1.078
0.9900 98.878 106.836 1.078
0.9910 101.571 106.165 1.069
0.9920 104.615 106.482 1.085
0.9930 108.111 109.184 1.07
0.9940 111.835 112.339 1.075
0.9950 116.113 116.324 1.064
0.9960 120.721 120.861 1.078
0.9970 126.165 126.165 1.062
0.9980 132.517 132.517 1.081
0.9990 140.263 140.263 1.087
