0.0000 1 1 0
0.0010 2.003 2.003 0
0.0020 2.006 2.007 0
0.0030 2.014 2.025 0
0.0040 2.024 2.089 0
0.0050 2.058 2.345 0
0.0060 2.104 2.93 0
0.0070 2.163 3.897 0
0.0080 2.231 5.209 0
0.0090 2.322 6.735 0
0.0100 2.415 8.308 0
0.0110 2.506 9.832 0
0.0120 2.604 11.225 0
0.0130 2.68 12.664 0
0.0140 2.764 13.625 0
0.0150 2.843 13.991 0
0.0160 2.901 14.109 0
0.0170 2.928 13.769 0
0.0180 2.956 13.756 0
0.0190 2.976 13.117 0
0.0200 2.986 12.411 0
0.0210 2.994 12.092 0
0.0220 2.997 11.6 0
0.0230 3.002 11.265 0
0.0240 3.004 11.756 0
0.0250 3.006 11.91 0
0.0260 3.008 12.512 0
0.0270 3.009 13.164 0
0.0280 3.01 14.28 0
0.0290 3.011 15.668 0
0.0300 3.012 16.81 0
0.0310 3.013 18.204 0
0.0320 3.019 19.563 0
0.0330 3.024 20.946 0
0.0340 3.029 22.411 0
0.0350 3.036 23.895 0
0.0360 3.041 25.504 0
0.0370 3.046 26.96 0
0.0380 3.054 28.336 0
0.0390 3.064 29.635 0
0.0400 3.074 31.042 0
0.0410 3.086 32.253 0
0.0420 3.108 33.359 0
0.0430 3.122 34.467 0
0.0440 3.142 35.628 0
0.0450 3.168 36.48 0
0.0460 3.18 37.825 0
0.0470 3.2 38.789 0
0.0480 3.23 39.577 0
0.0490 3.254 39.99 0
0.0500 3.286 40.767 0
0.0510 3.313 41.009 0
0.0520 3.345 41.702 0
0.0530 3.386 41.584 0
0.0540 3.422 41.93 0
0.0550 3.45 42.508 0
0.0560 3.479 42.908 0
0.0570 3.506 43.684 0
0.0580 3.545 43.51 0
0.0590 3.577 43.678 0
0.0600 3.611 43.739 0
0.0610 3.637 44.042 0
0.0620 3.68 43.484 0
0.0630 3.72 43.231 0
0.0640 3.75 43.093 0
0.0650 3.775 43.475 0
0.0660 3.795 43.976 0
0.0670 3.821 44.141 0
0.0680 3.844 44.186 0
0.0690 3.864 44.125 0
0.0700 3.884 44.239 0
0.0710 3.907 44.158 0
0.0720 3.918 44.666 0
0.0730 3.932 45.069 0
0.0740 3.951 45.548 0
0.0750 3.955 46.224 0
0.0760 3.968 46.598 0
0.0770 3.976 46.81 0
0.0780 3.982 47.475 0
0.0790 3.987 48.024 0
0.0800 3.989 48.708 0
0.0810 3.995 49.282 0
0.0820 3.998 50.022 0
0.0830 3.999 50.675 0
0.0840 4.002 51.359 0
0.0850 4.006 52.089 0
0.0860 4.007 52.77 0
0.0870 4.011 53.361 0
0.0880 4.013 54.269 0
0.0890 4.016 54.893 0
0.0900 4.018 55.55 0
0.0910 4.022 56.068 0
0.0920 4.025 56.811 0
0.0930 4.029 57.433 0
0.0940 4.031 57.983 0
0.0950 4.033 58.826 0
0.0960 4.038 59.169 0
0.0970 4.039 60.146 0
0.0980 4.044 60.647 0
0.0990 4.048 61.394 0
0.1000 4.051 61.893 0
0.1010 4.054 62.569 0
0.1020 4.058 63.206 0
0.1030 4.067 63.89 0
0.1040 4.077 64.273 0
0.1050 4.082 64.774 0
0.1060 4.092 65.532 0
0.1070 4.1 65.904 0.001
0.1080 4.111 66.445 0
0.1090 4.12 67.057 0.004
0.1100 4.128 67.467 0
0.1110 4.138 68.211 0
0.1120 4.155 68.545 0
0.1130 4.162 69.049 0
0.1140 4.176 69.634 0
0.1150 4.187 70.226 0
0.1160 4.2 70.803 0
0.1170 4.225 71.19 0
0.1180 4.242 71.59 0
0.1190 4.258 72.191 0
0.1200 4.284 72.362 0
0.1210 4.3 72.907 0
0.1220 4.32 73.371 0
0.1230 4.339 74.005 0
0.1240 4.362 74.108 0.001
0.1250 4.382 74.538 0
0.1260 4.406 75.391 0
0.1270 4.428 75.753 0
0.1280 4.451 75.965 0
0.1290 4.481 76.146 0
0.1300 4.506 76.653 0
0.1310 4.536 77.179 0
0.1320 4.568 77.382 0
0.1330 4.598 77.733 0
0.1340 4.623 77.721 0
0.1350 4.645 78.245 0
0.1360 4.672 78.243 0
0.1370 4.69 79.236 0
0.1380 4.716 79.353 0
0.1390 4.735 80.063 0
0.1400 4.755 80.167 0
0.1410 4.78 80.54 0
0.1420 4.806 80.872 0
0.1430 4.823 81.334 0
0.1440 4.846 81.415 0
0.1450 4.864 81.439 0
0.1460 4.878 81.863 0
0.1470 4.895 82.294 0
0.1480 4.91 82.156 0
0.1490 4.927 82.489 0
0.1500 4.939 82.675 0.001
0.1510 4.951 82.882 0
0.1520 4.959 83.58 0
0.1530 4.965 84.397 0
0.1540 4.975 84.642 0
0.1550 4.98 84.901 0
0.1560 4.991 84.469 0
0.1570 4.993 85.575 0
0.1580 4.999 85.531 0
0.1590 5.006 86.575 0
0.1600 5.012 86.103 0
0.1610 5.014 86.58 0
0.1620 5.016 86.876 0
0.1630 5.019 87.638 0
0.1640 5.02 88.586 0
0.1650 5.023 88.918 0
0.1660 5.025 88.982 0
0.1670 5.027 89.69 0
0.1680 5.034 90.246 0
0.1690 5.036 91.11 0
0.1700 5.038 91.725 0
0.1710 5.043 92.277 0
0.1720 5.047 93.002 0
0.1730 5.049 93.526 0
0.1740 5.051 95.169 0
0.1750 5.061 95.21 0
0.1760 5.062 96.663 0
0.1770 5.069 97.415 0
0.1780 5.071 97.811 0
0.1790 5.075 99.485 0
0.1800 5.084 100.286 0
0.1810 5.091 100.809 0
0.1820 5.098 101.75 0
0.1830 5.106 102.702 0
0.1840 5.115 103.911 0
0.1850 5.123 104.481 0
0.1860 5.129 105.959 0
0.1870 5.143 107.219 0
0.1880 5.158 108.668 0
0.1890 5.169 109.685 0
0.1900 5.183 111.389 0
0.1910 5.194 112.327 0
0.1920 5.209 113.58 0
0.1930 5.232 114.751 0
0.1940 5.245 115.854 0
0.1950 5.258 117.662 0.001
0.1960 5.278 118.745 0
0.1970 5.294 119.641 0
0.1980 5.309 121.622 0
0.1990 5.327 122.933 0
0.2000 5.345 124.295 0
0.2010 5.365 125.473 0
0.2020 5.393 126.792 0
0.2030 5.419 127.537 0
0.2040 5.437 130.123 0
0.2050 5.453 130.745 0
0.2060 5.48 131.601 0
0.2070 5.499 133.384 0
0.2080 5.522 134.336 0
0.2090 5.553 135.009 0
0.2100 5.572 136.355 0
0.2110 5.594 137.065 0
0.2120 5.621 138.403 0
0.2130 5.646 139.397 0
0.2140 5.662 139.897 0.004
0.2150 5.689 141.137 0
0.2160 5.706 141.519 0
0.2170 5.724 142.488 0
0.2180 5.749 143.526 0
0.2190 5.774 143.59 0
0.2200 5.792 143.762 0
0.2210 5.809 144.652 0
0.2220 5.83 145.861 0
0.2230 5.85 146.045 0.002
0.2240 5.863 146.824 0
0.2250 5.884 148.48 0
0.2260 5.891 149.869 0
0.2270 5.901 149.035 0
0.2280 5.914 150.082 0
0.2290 5.931 151.707 0
0.2300 5.941 150.856 0
0.2310 5.95 151.363 0
0.2320 5.961 152.05 0
0.2330 5.969 152.954 0
0.2340 5.974 155.17 0
0.2350 5.983 155.068 0
0.2360 5.993 155.978 0
0.2370 6 158.521 0
0.2380 6.009 158.09 0
0.2390 6.013 157.819 0
0.2400 6.019 160.678 0
0.2410 6.026 162.216 0
0.2420 6.033 163.33 0
0.2430 6.038 163.776 0
0.2440 6.041 165.883 0
0.2450 6.045 167.775 0
0.2460 6.049 168.848 0
0.2470 6.051 170.856 0
0.2480 6.056 173.765 0
0.2490 6.059 175.666 0
0.2500 6.063 176.955 0
0.2510 6.067 180.538 0
0.2520 6.07 182.578 0
0.2530 6.074 185.241 0
0.2540 6.079 187.369 0
0.2550 6.084 190.217 0
0.2560 6.089 193.901 0
0.2570 6.097 195.961 0
0.2580 6.102 197.681 0
0.2590 6.112 200.265 0
0.2600 6.117 203.473 0
0.2610 6.126 206.663 0
0.2620 6.138 209.223 0
0.2630 6.148 212.36 0
0.2640 6.161 217.44 0
0.2650 6.176 219.222 0
0.2660 6.184 222.894 0
0.2670 6.199 225.064 0
0.2680 6.218 228.278 0
0.2690 6.228 231.771 0
0.2700 6.242 235.03 0
0.2710 6.262 238.613 0
0.2720 6.272 241.702 0
0.2730 6.287 244.822 0
0.2740 6.299 247.624 0
0.2750 6.317 252.046 0
0.2760 6.332 255.684 0
0.2770 6.353 259.074 0
0.2780 6.379 261.722 0
0.2790 6.403 262.186 0.001
0.2800 6.426 266.912 0
0.2810 6.447 268.949 0.001
0.2820 6.466 271.871 0
0.2830 6.499 273.29 0
0.2840 6.526 274.304 0
0.2850 6.538 277.86 0
0.2860 6.563 280.046 0
0.2870 6.582 283.161 0
0.2880 6.609 284.859 0
0.2890 6.624 288.572 0
0.2900 6.646 289.171 0
0.2910 6.667 293.369 0
0.2920 6.693 295.045 0
0.2930 6.718 297.281 0
0.2940 6.742 298.276 0
0.2950 6.762 299.542 0
0.2960 6.79 300.788 0
0.2970 6.815 300.741 0
0.2980 6.834 301.041 0
0.2990 6.849 304.344 0
0.3000 6.873 303.943 0
0.3010 6.888 306.59 0
0.3020 6.902 308.813 0
0.3030 6.924 308.254 0
0.3040 6.933 309.305 0
0.3050 6.943 311.106 0
0.3060 6.952 315.162 0
0.3070 6.967 316.174 0
0.3080 6.979 317.49 0
0.3090 6.989 319.389 0
0.3100 6.998 321.919 0
0.3110 7.002 325.3 0
0.3120 7.008 328.258 0
0.3130 7.012 330.041 0
0.3140 7.02 334.323 0
0.3150 7.031 337.363 0
0.3160 7.035 338.651 0
0.3170 7.039 342.831 0
0.3180 7.044 348.577 0
0.3190 7.052 352.967 0
0.3200 7.059 355.844 0
0.3210 7.064 362.242 0
0.3220 7.072 364.353 0
0.3230 7.08 367.271 0
0.3240 7.083 372.624 0
0.3250 7.095 377.521 0
0.3260 7.104 382.868 0
0.3270 7.112 385.648 0
0.3280 7.119 392.986 0
0.3290 7.124 396.498 0
0.3300 7.136 400.355 0
0.3310 7.148 407.846 0
0.3320 7.158 412.693 0
0.3330 7.162 419.334 0
0.3340 7.179 424.239 0
0.3350 7.193 430.616 0
0.3360 7.209 435.051 0
0.3370 7.221 438.447 0
0.3380 7.239 444.315 0
0.3390 7.255 448.064 0
0.3400 7.263 455.349 0
0.3410 7.279 461.529 0
0.3420 7.287 469.224 0
0.3430 7.312 470.121 0
0.3440 7.337 476.654 0
0.3450 7.363 480.639 0
0.3460 7.378 489.695 0
0.3470 7.404 493.256 0
0.3480 7.424 495.791 0
0.3490 7.445 499.969 0
0.3500 7.468 504.791 0
0.3510 7.489 509.087 0
0.3520 7.51 515.061 0
0.3530 7.539 518.765 0
0.3540 7.566 519.525 0.001
0.3550 7.591 524.427 0
0.3560 7.622 527.44 0
0.3570 7.648 528.088 0
0.3580 7.663 536.195 0
0.3590 7.689 537.23 0
0.3600 7.714 537.659 0
0.3610 7.743 540.594 0
0.3620 7.763 545.937 0
0.3630 7.797 545.532 0
0.3640 7.823 547.185 0
0.3650 7.85 547.664 0
0.3660 7.872 555.167 0
0.3670 7.887 557.143 0
0.3680 7.901 560.384 0
0.3690 7.921 562.484 0
0.3700 7.931 565.733 0
0.3710 7.942 572.31 0
0.3720 7.953 575.048 0
0.3730 7.961 578.454 0
0.3740 7.969 587.249 0
0.3750 7.984 589.281 0
0.3760 7.995 591.244 0.001
0.3770 8.001 593.654 0
0.3780 8.013 600.195 0
0.3790 8.02 604.08 0
0.3800 8.024 616.899 0
0.3810 8.032 619.892 0
0.3820 8.044 619.144 0
0.3830 8.047 629.693 0
0.3840 8.061 634.411 0
0.3850 8.065 646.312 0
0.3860 8.07 653.16 0
0.3870 8.078 655.614 0.001
0.3880 8.087 665.115 0
0.3890 8.096 670.703 0
0.3900 8.101 681.917 0
0.3910 8.122 687.886 0
0.3920 8.134 691.461 0
0.3930 8.143 697.493 0
0.3940 8.152 709.557 0
0.3950 8.163 718.292 0
0.3960 8.176 725.471 0.001
0.3970 8.189 737.706 0
0.3980 8.206 744.594 0
0.3990 8.223 752.828 0
0.4000 8.243 759.793 0
0.4010 8.258 768.916 0
0.4020 8.271 777.805 0
0.4030 8.294 786.528 0
0.4040 8.315 793.942 0
0.4050 8.34 802.718 0
0.4060 8.362 809.909 0
0.4070 8.392 812.032 0
0.4080 8.416 820.989 0
0.4090 8.439 827.193 0
0.4100 8.46 837.878 0
0.4110 8.487 842.59 0
0.4120 8.52 845.556 0
0.4130 8.547 853.857 0
0.4140 8.577 857.684 0
0.4150 8.606 865.103 0
0.4160 8.637 875.538 0
0.4170 8.656 883.856 0
0.4180 8.684 888.572 0
0.4190 8.716 888.698 0
0.4200 8.743 896.822 0
0.4210 8.767 900.922 0
0.4220 8.787 909.607 0
0.4230 8.806 916.918 0
0.4240 8.832 922.489 0
0.4250 8.843 929.628 0
0.4260 8.865 932.893 0
0.4270 8.888 934.295 0
0.4280 8.905 946.354 0
0.4290 8.922 951.304 0
0.4300 8.944 955.053 0
0.4310 8.96 963.647 0
0.4320 8.977 972.745 0.001
0.4330 8.987 975.254 0.001
0.4340 9.003 987.336 0
0.4350 9.021 988.921 0
0.4360 9.031 999.666 0
0.4370 9.039 1013.72 0.003
0.4380 9.053 1023.26 0
0.4390 9.059 1027.17 0
0.4400 9.072 1032.1 0
0.4410 9.079 1045.94 0
0.4420 9.089 1052.46 0
0.4430 9.099 1064.94 0
0.4440 9.109 1078.19 0.001
0.4450 9.122 1095.18 0.004
0.4460 9.131 1104.37 0
0.4470 9.147 1114.17 0
0.4480 9.161 1128.35 0.001
0.4490 9.176 1143.11 0
0.4500 9.19 1146.37 0
0.4510 9.207 1171.96 0
0.4520 9.227 1179.15 0
0.4530 9.24 1194.89 0
0.4540 9.259 1209.8 0
0.4550 9.277 1225.16 0
0.4560 9.293 1242.35 0
0.4570 9.317 1251.94 0
0.4580 9.329 1271.58 0.002
0.4590 9.347 1289.66 0.001
0.4600 9.371 1304.77 0.002
0.4610 9.385 1322.66 0.001
0.4620 9.409 1336 0.001
0.4630 9.435 1355.39 0.003
0.4640 9.463 1360.22 0
0.4650 9.489 1379.29 0.001
0.4660 9.513 1398.64 0.005
0.4670 9.544 1411.01 0.013
0.4680 9.575 1414.98 0.008
0.4690 9.6 1427.71 0.005
0.4700 9.627 1444.61 0.007
0.4710 9.659 1456.99 0.012
0.4720 9.685 1459.17 0.014
0.4730 9.704 1476.27 0.011
0.4740 9.725 1496.14 0.021
0.4750 9.757 1500.37 0.02
0.4760 9.787 1514.17 0.027
0.4770 9.812 1518.47 0.029
0.4780 9.83 1539.18 0.027
0.4790 9.85 1552.39 0.04
0.4800 9.871 1554.74 0.036
0.4810 9.89 1576.49 0.046
0.4820 9.918 1590.06 0.041
0.4830 9.939 1593.65 0.058
0.4840 9.954 1603.28 0.053
0.4850 9.97 1615.09 0.056
0.4860 9.984 1625.78 0.053
0.4870 10.001 1631.85 0.057
0.4880 10.018 1638.34 0.077
0.4890 10.03 1665.31 0.084
0.4900 10.043 1672.46 0.061
0.4910 10.057 1696.37 0.081
0.4920 10.074 1713.07 0.077
0.4930 10.09 1726.78 0.094
0.4940 10.108 1756.1 0.117
0.4950 10.127 1763.86 0.113
0.4960 10.145 1777.88 0.139
0.4970 10.166 1815.54 0.146
0.4980 10.186 1832.82 0.163
0.4990 10.203 1855.92 0.183
0.5000 10.219 1885.03 0.183
0.5010 10.236 1904.35 0.199
0.5020 10.25 1942.04 0.23
0.5030 10.274 1966.78 0.246
0.5040 10.299 1986.32 0.317
0.5050 10.325 2014.11 0.303
0.5060 10.345 2045.69 0.349
0.5070 10.373 2075.65 0.364
0.5080 10.397 2115.39 0.389
0.5090 10.413 2134.56 0.433
0.5100 10.433 2168.23 0.457
0.5110 10.47 2188.54 0.476
0.5120 10.501 2211.22 0.51
0.5130 10.536 2218.3 0.519
0.5140 10.562 2257.01 0.573
0.5150 10.599 2267.02 0.558
0.5160 10.623 2311.5 0.584
0.5170 10.65 2322.32 0.6
0.5180 10.68 2345.01 0.608
0.5190 10.706 2381.39 0.619
0.5200 10.733 2387.9 0.619
0.5210 10.764 2418.65 0.652
0.5220 10.797 2430 0.66
0.5230 10.832 2443.95 0.679
0.5240 10.863 2444.49 0.706
0.5250 10.888 2486.82 0.702
0.5260 10.911 2514.38 0.737
0.5270 10.936 2546.51 0.771
0.5280 10.96 2548.63 0.795
0.5290 10.991 2553.67 0.793
0.5300 11.009 2572.9 0.813
0.5310 11.021 2630.39 0.846
0.5320 11.039 2640.48 0.874
0.5330 11.055 2674.78 0.876
0.5340 11.065 2699.45 0.888
0.5350 11.083 2737.47 0.93
0.5360 11.104 2764.78 0.93
0.5370 11.121 2790.54 0.931
0.5380 11.129 2828.74 0.938
0.5390 11.147 2876.34 0.951
0.5400 11.164 2908.42 0.951
0.5410 11.177 2914.57 0.957
0.5420 11.197 2958.38 0.962
0.5430 11.213 3007.73 0.969
0.5440 11.235 3055.82 0.974
0.5450 11.257 3084.95 0.978
0.5460 11.283 3149.61 0.99
0.5470 11.307 3219.18 0.987
0.5480 11.328 3236.95 0.998
0.5490 11.354 3290.63 0.991
0.5500 11.382 3327.87 1.011
0.5510 11.413 3385.07 1.018
0.5520 11.456 3400.9 1.028
0.5530 11.488 3448.17 1.037
0.5540 11.522 3498.5 1.05
0.5550 11.556 3534.73 1.052
0.5560 11.595 3571.92 1.083
0.5570 11.629 3586.39 1.079
0.5580 11.668 3617.36 1.102
0.5590 11.7 3649.64 1.115
0.5600 11.729 3708.59 1.129
0.5610 11.76 3737.18 1.129
0.5620 11.794 3758.24 1.131
0.5630 11.822 3832.22 1.144
0.5640 11.851 3842.28 1.16
0.5650 11.88 3883.47 1.171
0.5660 11.905 3937.21 1.204
0.5670 11.934 3953.88 1.206
0.5680 11.947 4026.12 1.254
0.5690 11.971 4030.44 1.231
0.5700 11.99 4100.46 1.258
0.5710 12.011 4167.44 1.261
0.5720 12.035 4209.66 1.295
0.5730 12.055 4229.97 1.293
0.5740 12.083 4301.11 1.35
0.5750 12.1 4356.31 1.363
0.5760 12.111 4393.15 1.398
0.5770 12.131 4441.39 1.404
0.5780 12.155 4523.58 1.447
0.5790 12.18 4558.07 1.484
0.5800 12.2 4633.8 1.534
0.5810 12.222 4728.26 1.572
0.5820 12.245 4764.81 1.607
0.5830 12.276 4828.42 1.633
0.5840 12.306 4918.2 1.676
0.5850 12.339 4959.8 1.679
0.5860 12.366 5058.5 1.735
0.5870 12.397 5119.61 1.753
0.5880 12.434 5196.61 1.795
0.5890 12.469 5210.6 1.837
0.5900 12.506 5322.32 1.849
0.5910 12.538 5390.16 1.855
0.5920 12.576 5430.31 1.865
0.5930 12.619 5503.18 1.91
0.5940 12.654 5574.7 1.932
0.5950 12.684 5671 1.958
0.5960 12.729 5702.85 2.009
0.5970 12.764 5760.52 2.046
0.5980 12.796 5794.32 2.041
0.5990 12.836 5811.78 2.052
0.6000 12.872 5907.82 2.148
0.6010 12.9 5988.01 2.198
0.6020 12.927 6047.43 2.24
0.6030 12.965 6095.53 2.264
0.6040 13.003 6086.03 2.228
0.6050 13.021 6220.13 2.278
0.6060 13.054 6260.01 2.324
0.6070 13.076 6342.05 2.348
0.6080 13.104 6382.66 2.375
0.6090 13.129 6508.71 2.423
0.6100 13.152 6607.32 2.462
0.6110 13.19 6662.05 2.521
0.6120 13.213 6725.92 2.558
0.6130 13.242 6861.02 2.616
0.6140 13.272 6937.58 2.656
0.6150 13.3 7042.81 2.665
0.6160 13.325 7189.77 2.747
0.6170 13.359 7226.9 2.768
0.6180 13.391 7389.48 2.834
0.6190 13.428 7468.82 2.873
0.6200 13.467 7553.06 2.914
0.6210 13.495 7690.54 2.978
0.6220 13.532 7833.63 3.034
0.6230 13.566 7893.86 3.054
0.6240 13.604 7988.78 3.09
0.6250 13.642 8098.75 3.142
0.6260 13.678 8197.95 3.191
0.6270 13.72 8306.21 3.257
0.6280 13.758 8347.33 3.286
0.6290 13.793 8483.91 3.346
0.6300 13.825 8582.2 3.394
0.6310 13.863 8609.38 3.418
0.6320 13.899 8697.83 3.468
0.6330 13.934 8857.88 3.518
0.6340 13.959 8966.5 3.562
0.6350 13.998 9088.41 3.629
0.6360 14.039 9184.93 3.667
0.6370 14.068 9266.08 3.722
0.6380 14.094 9443.85 3.821
0.6390 14.126 9521.98 3.869
0.6400 14.159 9717.38 3.948
0.6410 14.192 9820.87 3.977
0.6420 14.229 9941.47 4.032
0.6430 14.267 10122.8 4.11
0.6440 14.307 10181.4 4.179
0.6450 14.347 10330.8 4.234
0.6460 14.382 10457.8 4.281
0.6470 14.421 10580.4 4.358
0.6480 14.451 10736.7 4.405
0.6490 14.497 10791 4.485
0.6500 14.544 10920 4.539
0.6510 14.582 11136.9 4.65
0.6520 14.617 11256.4 4.691
0.6530 14.647 11484.4 4.79
0.6540 14.686 11647.8 4.846
0.6550 14.724 11800.8 4.969
0.6560 14.771 11876.2 4.987
0.6570 14.803 12159.5 5.109
0.6580 14.848 12308.5 5.201
0.6590 14.885 12443 5.232
0.6600 14.931 12620.7 5.367
0.6610 14.975 12753.6 5.416
0.6620 15.01 12940.6 5.498
0.6630 15.048 13090.7 5.589
0.6640 15.086 13175.1 5.654
0.6650 15.114 13515 5.77
0.6660 15.154 13654.9 5.853
0.6670 15.19 13859.2 5.981
0.6680 15.219 14086.6 6.069
0.6690 15.259 14310.1 6.191
0.6700 15.294 14470.7 6.258
0.6710 15.335 14619.3 6.403
0.6720 15.376 14874.4 6.473
0.6730 15.414 15118.2 6.551
0.6740 15.456 15299.9 6.694
0.6750 15.504 15529.4 6.803
0.6760 15.563 15678.8 6.884
0.6770 15.616 15770.2 6.936
0.6780 15.669 16061.3 7.092
0.6790 15.712 16289.7 7.179
0.6800 15.747 16545.2 7.32
0.6810 15.795 16708.8 7.408
0.6820 15.832 16974.6 7.529
0.6830 15.876 17181.5 7.657
0.6840 15.916 17405.9 7.803
0.6850 15.963 17775.8 7.92
0.6860 16.006 18014.6 7.983
0.6870 16.053 18187.5 8.22
0.6880 16.097 18387.7 8.278
0.6890 16.138 18691.5 8.402
0.6900 16.179 18948.1 8.559
0.6910 16.224 19260.9 8.731
0.6920 16.265 19546 8.857
0.6930 16.305 19963.8 9.112
0.6940 16.354 20322.6 9.187
0.6950 16.392 20659.1 9.417
0.6960 16.441 20894.3 9.545
0.6970 16.495 21220.5 9.691
0.6980 16.533 21616 9.882
0.6990 16.585 21879.1 10.12
0.7000 16.628 22267.5 10.237
0.7010 16.676 22605 10.403
0.7020 16.734 22758.9 10.529
0.7030 16.789 23022.5 10.628
0.7040 16.834 23577 10.976
0.7050 16.887 23759.2 11.052
0.7060 16.946 23975 11.178
0.7070 16.996 24271.2 11.353
0.7080 17.043 24604.1 11.578
0.7090 17.082 25014.8 11.701
0.7100 17.134 25269.7 11.902
0.7110 17.186 25734.7 12.141
0.7120 17.229 26089.9 12.318
0.7130 17.272 26586.5 12.61
0.7140 17.327 26934.3 12.73
0.7150 17.365 27623.7 13.1
0.7160 17.412 27971 13.332
0.7170 17.466 28336.5 13.525
0.7180 17.519 29102.9 13.937
0.7190 17.57 29493 14.098
0.7200 17.629 29798.2 14.323
0.7210 17.686 30390.3 14.568
0.7220 17.758 30722.8 14.8
0.7230 17.805 31110.7 14.959
0.7240 17.869 31068.6 15.024
0.7250 17.919 31788.2 15.394
0.7260 17.966 32429.6 15.784
0.7270 18.017 33014.8 16.075
0.7280 18.06 33549 16.333
0.7290 18.103 34031.7 16.625
0.7300 18.156 34684.5 16.934
0.7310 18.215 35280.3 17.249
0.7320 18.262 35822.1 17.534
0.7330 18.324 36439.9 17.909
0.7340 18.377 36735.6 18.113
0.7350 18.427 37882.6 18.627
0.7360 18.49 38403.6 19.028
0.7370 18.561 38996.2 19.341
0.7380 18.62 39522.9 19.561
0.7390 18.678 40155.5 20.024
0.7400 18.736 40943.3 20.408
0.7410 18.799 41637.5 20.743
0.7420 18.854 42560.1 21.32
0.7430 18.917 42657.1 21.428
0.7440 18.966 43412.2 21.75
0.7450 19.033 44222.3 22.331
0.7460 19.108 44637.2 22.549
0.7470 19.151 45483.5 22.977
0.7480 19.211 45727.2 23.18
0.7490 19.262 46812 23.834
0.7500 19.327 47823.4 24.383
0.7510 19.391 48746.3 24.806
0.7520 19.448 49368.8 25.219
0.7530 19.498 50687.7 26.063
0.7540 19.574 51083.2 26.208
0.7550 19.64 52144.6 26.753
0.7560 19.71 53196.3 27.357
0.7570 19.778 53520.1 27.598
0.7580 19.841 54197.3 28.213
0.7590 19.895 55031.4 28.654
0.7600 19.969 55353.3 28.817
0.7610 20.029 56940 29.77
0.7620 20.1 58065.5 30.243
0.7630 20.166 59114.4 30.85
0.7640 20.233 59658.7 31.324
0.7650 20.296 61052.7 32.093
0.7660 20.36 62423 32.873
0.7670 20.423 63594.3 33.543
0.7680 20.499 64292.3 33.975
0.7690 20.572 65493.3 34.828
0.7700 20.652 66162.3 35.164
0.7710 20.719 67625.3 36.01
0.7720 20.797 67899.4 36.262
0.7730 20.867 69615.3 37.184
0.7740 20.94 70585.1 37.918
0.7750 21.005 71675.2 38.536
0.7760 21.074 73195.2 39.39
0.7770 21.145 74658.5 40.235
0.7780 21.215 75999 41.065
0.7790 21.282 77329.9 41.944
0.7800 21.37 78884.2 42.963
0.7810 21.442 79937.6 43.493
0.7820 21.508 81803.3 44.603
0.7830 21.593 82798.1 45.391
0.7840 21.679 84021.8 45.998
0.7850 21.757 85196.7 46.805
0.7860 21.827 87055.8 47.895
0.7870 21.919 88402.2 48.702
0.7880 22.002 90155 49.925
0.7890 22.08 91323.2 50.657
0.7900 22.157 92486.8 51.587
0.7910 22.236 94179.9 52.67
0.7920 22.301 96556.6 54.068
0.7930 22.385 98181.9 55.059
0.7940 22.471 99150.6 56
0.7950 22.548 100871 56.891
0.7960 22.628 103096 58.273
0.7970 22.712 104427 59.066
0.7980 22.784 105605 60.059
0.7990 22.859 109911 62.335
0.8000 22.955 111880 63.885
0.8010 23.041 113172 64.822
0.8020 23.143 114658 65.808
0.8030 23.219 117522 67.494
0.8040 23.304 119213 68.65
0.8050 23.384 121097 69.947
0.8060 23.49 122863 71.192
0.8070 23.577 125457 72.828
0.8080 23.666 127349 74.246
0.8090 23.761 129322 75.631
0.8100 23.843 131808 77.251
0.8110 23.949 133903 78.919
0.8120 24.047 136815 80.356
0.8130 24.143 138538 81.854
0.8140 24.234 141507 83.53
0.8150 24.32 144225 85.577
0.8160 24.418 146477 87.354
0.8170 24.516 150025 89.423
0.8180 24.623 151269 90.197
0.8190 24.718 153868 92.133
0.8200 24.824 155560 93.418
0.8210 24.929 159149 95.882
0.8220 25.04 161546 97.249
0.8230 25.143 163453 99.215
0.8240 25.242 165914 100.987
0.8250 25.337 170332 104.167
0.8260 25.43 172347 105.551
0.8270 25.538 175792 107.737
0.8280 25.629 180181 110.762
0.8290 25.738 182371 112.403
0.8300 25.834 185804 114.876
0.8310 25.966 187354 116.384
0.8320 26.079 190087 118.717
0.8330 26.186 194260 120.998
0.8340 26.295 197356 123.461
0.8350 26.416 200634 126.013
0.8360 26.532 202767 127.735
0.8370 26.644 205671 130.071
0.8380 26.757 210133 133.107
0.8390 26.867 213987 135.633
0.8400 26.992 217246 138.556
0.8410 27.113 221448 141.685
0.8420 27.237 223931 143.657
0.8430 27.364 226906 145.689
0.8440 27.485 231149 149
0.8450 27.613 234162 151.972
0.8460 27.741 236279 153.735
0.8470 27.841 244334 159.185
0.8480 27.976 246897 161.62
0.8490 28.099 250476 164.263
0.8500 28.225 252218 166.136
0.8510 28.356 259523 171.038
0.8520 28.501 262890 174.078
0.8530 28.625 265152 176.486
0.8540 28.771 270876 180.858
0.8550 28.896 273504 183.323
0.8560 29.035 281115 188.463
0.8570 29.164 286001 192.349
0.8580 29.297 285402 192.975
0.8590 29.442 289809 196.214
0.8600 29.581 294503 200.571
0.8610 29.744 301099 206.215
0.8620 29.905 300767 206.293
0.8630 30.049 307439 211.796
0.8640 30.181 310623 215.002
0.8650 30.33 314718 218.371
0.8660 30.496 313926 218.669
0.8670 30.646 317588 222.368
0.8680 30.817 321878 226.123
0.8690 30.975 326182 230.218
0.8700 31.109 330964 234.031
0.8710 31.272 338481 240.368
0.8720 31.435 339905 241.809
0.8730 31.591 345289 247.055
0.8740 31.763 353159 253.485
0.8750 31.941 354777 255.664
0.8760 32.097 358454 259.781
0.8770 32.266 363292 263.949
0.8780 32.44 363150 265.319
0.8790 32.626 364686 267.131
0.8800 32.805 370726 272.965
0.8810 33.001 370199 273.838
0.8820 33.192 370580 277.336
0.8830 33.354 372918 280.341
0.8840 33.552 376777 283.724
0.8850 33.717 373502 282.787
0.8860 33.911 379448 288.316
0.8870 34.087 389212 296.867
0.8880 34.276 392955 300.754
0.8890 34.462 396081 304.839
0.8900 34.666 393668 304.243
0.8910 34.859 395873 307.702
0.8920 35.049 404716 315.69
0.8930 35.245 407067 322.605
0.8940 35.475 404114 319.856
0.8950 35.67 413929 328.36
0.8960 35.885 415337 332.771
0.8970 36.115 414711 329.17
0.8980 36.325 415993 332.42
0.8990 36.558 418530 334.604
0.9000 36.808 408953 329.49
0.9010 37.023 413145 334.465
0.9020 37.277 405963 329.969
0.9030 37.513 409280 333.896
0.9040 37.731 409223 335.94
0.9050 37.978 413149 340.696
0.9060 38.211 403944 335.154
0.9070 38.44 405657 338.655
0.9080 38.724 399019 334.484
0.9090 38.993 399625 337.057
0.9100 39.222 400191 338.253
0.9110 39.486 404176 343.422
0.9120 39.738 393121 336.976
0.9130 39.998 395398 340.198
0.9140 40.282 388818 336.659
0.9150 40.545 390938 339.418
0.9160 40.864 388307 339.179
0.9170 41.154 384388 338.148
0.9180 41.426 371513 328.43
0.9190 41.72 363605 323.379
0.9200 42.019 361415 323.258
0.9210 42.312 355308 319.031
0.9220 42.64 350175 316.475
0.9230 42.959 343266 312.55
0.9240 43.249 342881 313.253
0.9250 43.591 325805 299.88
0.9260 43.94 317808 323.34
0.9270 44.247 308134 287.743
0.9280 44.58 299416 280.986
0.9290 44.93 293784 277.435
0.9300 45.305 286394 271.66
0.9310 45.654 281827 269.016
0.9320 46.024 268947 258.89
0.9330 46.411 258716 250.478
0.9340 46.806 247863 242.228
0.9350 47.185 243061 237.9
0.9360 47.58 229453 226.986
0.9370 48.009 222982 220.687
0.9380 48.418 206647 206.576
0.9390 48.838 198756 199.227
0.9400 49.294 186295 188.416
0.9410 49.74 174728 177.917
0.9420 50.17 168387 172.344
0.9430 50.601 158760 161.897
0.9440 51.079 147522 151.949
0.9450 51.582 137507 142.144
0.9460 52.055 127426 132.883
0.9470 52.549 119167 124.839
0.9480 53.073 111446 117.498
0.9490 53.59 102986 109.385
0.9500 54.141 92688.1 99.065
0.9510 54.702 86588.1 93.166
0.9520 55.242 78253 84.377
0.9530 55.811 71584.6 77.683
0.9540 56.391 64459.2 70.583
0.9550 56.965 58058.8 63.819
0.9560 57.565 52820.7 58.675
0.9570 58.178 46941.1 52.509
0.9580 58.84 40135.8 45.005
0.9590 59.517 36244.3 41.012
0.9600 60.22 31133.6 35.305
0.9610 60.912 26884.3 30.706
0.9620 61.625 23962.5 27.547
0.9630 62.389 19818.5 22.891
0.9640 63.148 16552.5 19.203
0.9650 63.892 14945.6 17.326
0.9660 64.724 12500.3 14.613
0.9670 65.611 10176.7 11.949
0.9680 66.458 8318 9.879
0.9690 67.31 6763.89 8.055
0.9700 68.236 5186.92 6.125
0.9710 69.189 4416.94 5.22
0.9720 70.181 3494.89 4.094
0.9730 71.245 2615.72 3.081
0.9740 72.326 1951.52 2.295
0.9750 73.402 1399.1 1.592
0.9760 74.58 1145.98 1.286
0.9770 75.74 855.409 0.922
0.9780 76.972 717.576 0.725
0.9790 78.314 502.509 0.467
0.9800 79.728 387.806 0.297
0.9810 81.122 311.846 0.219
0.9820 82.724 261.955 0.119
0.9830 84.35 218.148 0.073
0.9840 85.997 175.544 0.038
0.9850 87.83 146.358 0.01
0.9860 89.729 133.139 0.008
0.9870 91.783 121.365 0.008
0.9880 94.014 114.383 0.002
0.9890 96.325 109.017 0
0.9900 98.878 106.836 0.001
0.9910 101.571 106.165 0
0.9920 104.615 106.482 0.06
0.9930 108.111 109.184 0.088
0.9940 111.835 112.339 0.093
0.9950 116.113 116.324 0.106
0.9960 120.721 120.861 0.107
0.9970 126.165 126.165 0.13
0.9980 132.517 132.517 0.216
0.9990 140.263 140.263 0.204
